best case, worst case, average case


1번째 반복시작. 아래는 직전 정렬 상태
[0] [1] [2] [3] [4] [5] [6] [7] [8] [9] 
현재 key 값: 1
[0] [1] [2] [3] [4] [5] [6] [7] [8] [9] 
반복1번째 끝
2번째 반복시작. 아래는 직전 정렬 상태
[0] [1] [2] [3] [4] [5] [6] [7] [8] [9] 
현재 key 값: 2
[0] [1] [2] [3] [4] [5] [6] [7] [8] [9] 
반복2번째 끝
3번째 반복시작. 아래는 직전 정렬 상태
[0] [1] [2] [3] [4] [5] [6] [7] [8] [9] 
현재 key 값: 3
[0] [1] [2] [3] [4] [5] [6] [7] [8] [9] 
반복3번째 끝
4번째 반복시작. 아래는 직전 정렬 상태
[0] [1] [2] [3] [4] [5] [6] [7] [8] [9] 
현재 key 값: 4
[0] [1] [2] [3] [4] [5] [6] [7] [8] [9] 
반복4번째 끝
5번째 반복시작. 아래는 직전 정렬 상태
[0] [1] [2] [3] [4] [5] [6] [7] [8] [9] 
현재 key 값: 5
[0] [1] [2] [3] [4] [5] [6] [7] [8] [9] 
반복5번째 끝
6번째 반복시작. 아래는 직전 정렬 상태
[0] [1] [2] [3] [4] [5] [6] [7] [8] [9] 
현재 key 값: 6
[0] [1] [2] [3] [4] [5] [6] [7] [8] [9] 
반복6번째 끝
7번째 반복시작. 아래는 직전 정렬 상태
[0] [1] [2] [3] [4] [5] [6] [7] [8] [9] 
현재 key 값: 7
[0] [1] [2] [3] [4] [5] [6] [7] [8] [9] 
반복7번째 끝
8번째 반복시작. 아래는 직전 정렬 상태
[0] [1] [2] [3] [4] [5] [6] [7] [8] [9] 
현재 key 값: 8
[0] [1] [2] [3] [4] [5] [6] [7] [8] [9] 
반복8번째 끝
9번째 반복시작. 아래는 직전 정렬 상태
[0] [1] [2] [3] [4] [5] [6] [7] [8] [9] 
현재 key 값: 9
[0] [1] [2] [3] [4] [5] [6] [7] [8] [9] 
반복9번째 끝


1번째 반복시작. 아래는 직전 정렬 상태
[9] [8] [7] [6] [5] [4] [3] [2] [1] [0] 
현재 key 값: 8
[9] [9] [7] [6] [5] [4] [3] [2] [1] [0] 
[8] [9] [7] [6] [5] [4] [3] [2] [1] [0] 
반복1번째 끝
2번째 반복시작. 아래는 직전 정렬 상태
[8] [9] [7] [6] [5] [4] [3] [2] [1] [0] 
현재 key 값: 7
[8] [9] [9] [6] [5] [4] [3] [2] [1] [0] 
[8] [8] [9] [6] [5] [4] [3] [2] [1] [0] 
[7] [8] [9] [6] [5] [4] [3] [2] [1] [0] 
반복2번째 끝
3번째 반복시작. 아래는 직전 정렬 상태
[7] [8] [9] [6] [5] [4] [3] [2] [1] [0] 
현재 key 값: 6
[7] [8] [9] [9] [5] [4] [3] [2] [1] [0] 
[7] [8] [8] [9] [5] [4] [3] [2] [1] [0] 
[7] [7] [8] [9] [5] [4] [3] [2] [1] [0] 
[6] [7] [8] [9] [5] [4] [3] [2] [1] [0] 
반복3번째 끝
4번째 반복시작. 아래는 직전 정렬 상태
[6] [7] [8] [9] [5] [4] [3] [2] [1] [0] 
현재 key 값: 5
[6] [7] [8] [9] [9] [4] [3] [2] [1] [0] 
[6] [7] [8] [8] [9] [4] [3] [2] [1] [0] 
[6] [7] [7] [8] [9] [4] [3] [2] [1] [0] 
[6] [6] [7] [8] [9] [4] [3] [2] [1] [0] 
[5] [6] [7] [8] [9] [4] [3] [2] [1] [0] 
반복4번째 끝
5번째 반복시작. 아래는 직전 정렬 상태
[5] [6] [7] [8] [9] [4] [3] [2] [1] [0] 
현재 key 값: 4
[5] [6] [7] [8] [9] [9] [3] [2] [1] [0] 
[5] [6] [7] [8] [8] [9] [3] [2] [1] [0] 
[5] [6] [7] [7] [8] [9] [3] [2] [1] [0] 
[5] [6] [6] [7] [8] [9] [3] [2] [1] [0] 
[5] [5] [6] [7] [8] [9] [3] [2] [1] [0] 
[4] [5] [6] [7] [8] [9] [3] [2] [1] [0] 
반복5번째 끝
6번째 반복시작. 아래는 직전 정렬 상태
[4] [5] [6] [7] [8] [9] [3] [2] [1] [0] 
현재 key 값: 3
[4] [5] [6] [7] [8] [9] [9] [2] [1] [0] 
[4] [5] [6] [7] [8] [8] [9] [2] [1] [0] 
[4] [5] [6] [7] [7] [8] [9] [2] [1] [0] 
[4] [5] [6] [6] [7] [8] [9] [2] [1] [0] 
[4] [5] [5] [6] [7] [8] [9] [2] [1] [0] 
[4] [4] [5] [6] [7] [8] [9] [2] [1] [0] 
[3] [4] [5] [6] [7] [8] [9] [2] [1] [0] 
반복6번째 끝
7번째 반복시작. 아래는 직전 정렬 상태
[3] [4] [5] [6] [7] [8] [9] [2] [1] [0] 
현재 key 값: 2
[3] [4] [5] [6] [7] [8] [9] [9] [1] [0] 
[3] [4] [5] [6] [7] [8] [8] [9] [1] [0] 
[3] [4] [5] [6] [7] [7] [8] [9] [1] [0] 
[3] [4] [5] [6] [6] [7] [8] [9] [1] [0] 
[3] [4] [5] [5] [6] [7] [8] [9] [1] [0] 
[3] [4] [4] [5] [6] [7] [8] [9] [1] [0] 
[3] [3] [4] [5] [6] [7] [8] [9] [1] [0] 
[2] [3] [4] [5] [6] [7] [8] [9] [1] [0] 
반복7번째 끝
8번째 반복시작. 아래는 직전 정렬 상태
[2] [3] [4] [5] [6] [7] [8] [9] [1] [0] 
현재 key 값: 1
[2] [3] [4] [5] [6] [7] [8] [9] [9] [0] 
[2] [3] [4] [5] [6] [7] [8] [8] [9] [0] 
[2] [3] [4] [5] [6] [7] [7] [8] [9] [0] 
[2] [3] [4] [5] [6] [6] [7] [8] [9] [0] 
[2] [3] [4] [5] [5] [6] [7] [8] [9] [0] 
[2] [3] [4] [4] [5] [6] [7] [8] [9] [0] 
[2] [3] [3] [4] [5] [6] [7] [8] [9] [0] 
[2] [2] [3] [4] [5] [6] [7] [8] [9] [0] 
[1] [2] [3] [4] [5] [6] [7] [8] [9] [0] 
반복8번째 끝
9번째 반복시작. 아래는 직전 정렬 상태
[1] [2] [3] [4] [5] [6] [7] [8] [9] [0] 
현재 key 값: 0
[1] [2] [3] [4] [5] [6] [7] [8] [9] [9] 
[1] [2] [3] [4] [5] [6] [7] [8] [8] [9] 
[1] [2] [3] [4] [5] [6] [7] [7] [8] [9] 
[1] [2] [3] [4] [5] [6] [6] [7] [8] [9] 
[1] [2] [3] [4] [5] [5] [6] [7] [8] [9] 
[1] [2] [3] [4] [4] [5] [6] [7] [8] [9] 
[1] [2] [3] [3] [4] [5] [6] [7] [8] [9] 
[1] [2] [2] [3] [4] [5] [6] [7] [8] [9] 
[1] [1] [2] [3] [4] [5] [6] [7] [8] [9] 
[0] [1] [2] [3] [4] [5] [6] [7] [8] [9] 
반복9번째 끝


1번째 반복시작. 아래는 직전 정렬 상태
[9] [2] [7] [8] [0] [4] [5] [6] [1] [3] 
현재 key 값: 2
[9] [9] [7] [8] [0] [4] [5] [6] [1] [3] 
[2] [9] [7] [8] [0] [4] [5] [6] [1] [3] 
반복1번째 끝
2번째 반복시작. 아래는 직전 정렬 상태
[2] [9] [7] [8] [0] [4] [5] [6] [1] [3] 
현재 key 값: 7
[2] [9] [9] [8] [0] [4] [5] [6] [1] [3] 
[2] [7] [9] [8] [0] [4] [5] [6] [1] [3] 
반복2번째 끝
3번째 반복시작. 아래는 직전 정렬 상태
[2] [7] [9] [8] [0] [4] [5] [6] [1] [3] 
현재 key 값: 8
[2] [7] [9] [9] [0] [4] [5] [6] [1] [3] 
[2] [7] [8] [9] [0] [4] [5] [6] [1] [3] 
반복3번째 끝
4번째 반복시작. 아래는 직전 정렬 상태
[2] [7] [8] [9] [0] [4] [5] [6] [1] [3] 
현재 key 값: 0
[2] [7] [8] [9] [9] [4] [5] [6] [1] [3] 
[2] [7] [8] [8] [9] [4] [5] [6] [1] [3] 
[2] [7] [7] [8] [9] [4] [5] [6] [1] [3] 
[2] [2] [7] [8] [9] [4] [5] [6] [1] [3] 
[0] [2] [7] [8] [9] [4] [5] [6] [1] [3] 
반복4번째 끝
5번째 반복시작. 아래는 직전 정렬 상태
[0] [2] [7] [8] [9] [4] [5] [6] [1] [3] 
현재 key 값: 4
[0] [2] [7] [8] [9] [9] [5] [6] [1] [3] 
[0] [2] [7] [8] [8] [9] [5] [6] [1] [3] 
[0] [2] [7] [7] [8] [9] [5] [6] [1] [3] 
[0] [2] [4] [7] [8] [9] [5] [6] [1] [3] 
반복5번째 끝
6번째 반복시작. 아래는 직전 정렬 상태
[0] [2] [4] [7] [8] [9] [5] [6] [1] [3] 
현재 key 값: 5
[0] [2] [4] [7] [8] [9] [9] [6] [1] [3] 
[0] [2] [4] [7] [8] [8] [9] [6] [1] [3] 
[0] [2] [4] [7] [7] [8] [9] [6] [1] [3] 
[0] [2] [4] [5] [7] [8] [9] [6] [1] [3] 
반복6번째 끝
7번째 반복시작. 아래는 직전 정렬 상태
[0] [2] [4] [5] [7] [8] [9] [6] [1] [3] 
현재 key 값: 6
[0] [2] [4] [5] [7] [8] [9] [9] [1] [3] 
[0] [2] [4] [5] [7] [8] [8] [9] [1] [3] 
[0] [2] [4] [5] [7] [7] [8] [9] [1] [3] 
[0] [2] [4] [5] [6] [7] [8] [9] [1] [3] 
반복7번째 끝
8번째 반복시작. 아래는 직전 정렬 상태
[0] [2] [4] [5] [6] [7] [8] [9] [1] [3] 
현재 key 값: 1
[0] [2] [4] [5] [6] [7] [8] [9] [9] [3] 
[0] [2] [4] [5] [6] [7] [8] [8] [9] [3] 
[0] [2] [4] [5] [6] [7] [7] [8] [9] [3] 
[0] [2] [4] [5] [6] [6] [7] [8] [9] [3] 
[0] [2] [4] [5] [5] [6] [7] [8] [9] [3] 
[0] [2] [4] [4] [5] [6] [7] [8] [9] [3] 
[0] [2] [2] [4] [5] [6] [7] [8] [9] [3] 
[0] [1] [2] [4] [5] [6] [7] [8] [9] [3] 
반복8번째 끝
9번째 반복시작. 아래는 직전 정렬 상태
[0] [1] [2] [4] [5] [6] [7] [8] [9] [3] 
현재 key 값: 3
[0] [1] [2] [4] [5] [6] [7] [8] [9] [9] 
[0] [1] [2] [4] [5] [6] [7] [8] [8] [9] 
[0] [1] [2] [4] [5] [6] [7] [7] [8] [9] 
[0] [1] [2] [4] [5] [6] [6] [7] [8] [9] 
[0] [1] [2] [4] [5] [5] [6] [7] [8] [9] 
[0] [1] [2] [4] [4] [5] [6] [7] [8] [9] 
[0] [1] [2] [3] [4] [5] [6] [7] [8] [9] 
반복9번째 끝
