166
273
406
927
895
1774
1572
2292
3919
2984
3934
5158
4984
5703
6912
11432
8802
11740
15127
13994
12608
14662
15529
18409
17000
19203
33461
36769
37942
29165
42950
34534
34012
36528
34365
36866
38864
56561
63549
52028
60255
77043
86132
56546
56201
58920
70569
71629
87358
112528
120285
104702
100384
101528
122076
104261
104219
136975
97923
125587
156349
115523
123802
143580
125515
160029
133866
140293
176072
136915
195104
156275
218914
163422
188108
198259
212654
198184
225443
237061
205762
225897
258430
242023
245326
298189
189951
183379
195121
239378
282485
325583
266913
274057
302395
302335
371235
322505
311422
