80
153
212
509
451
876
807
1170
2018
1446
2012
2301
2449
2821
3465
5927
5926
5165
7044
7193
6089
7433
6993
12215
10025
15517
16350
21673
17075
15968
14496
16135
14176
15015
19977
18053
19056
26782
31147
25137
33495
39931
28954
29755
40137
29554
30327
38219
39513
51720
81705
54621
50352
54505
59680
43472
57762
53600
48624
66152
55083
53494
96296
58487
58433
70898
68665
116065
63242
67400
70235
97574
81739
95496
82248
108197
89703
116321
104784
110669
121203
106683
121814
145021
97330
112797
101863
82999
133028
121337
117838
122055
180376
144889
131699
126502
138665
142656
188945
