best case, worst case, average case
[1] [2] [3] [4] [5] [6] [7] [8] [9] [10] 
[1] [2] [3] [4] [5] 
[1] [2] 
[1] 
[ ] [2] 
[1] [2] 
[ ] [ ] [3] [4] [5] 
[ ] [ ] [3] 
[ ] [ ] [ ] [4] [5] 
[ ] [ ] [ ] [4] 
[ ] [ ] [ ] [ ] [5] 
[ ] [ ] [ ] [4] [5] 
[ ] [ ] [3] [4] [5] 
[1] [2] [3] [4] [5] 
[ ] [ ] [ ] [ ] [ ] [6] [7] [8] [9] [10] 
[ ] [ ] [ ] [ ] [ ] [6] [7] 
[ ] [ ] [ ] [ ] [ ] [6] 
[ ] [ ] [ ] [ ] [ ] [ ] [7] 
[ ] [ ] [ ] [ ] [ ] [6] [7] 
[ ] [ ] [ ] [ ] [ ] [ ] [ ] [8] [9] [10] 
[ ] [ ] [ ] [ ] [ ] [ ] [ ] [8] 
[ ] [ ] [ ] [ ] [ ] [ ] [ ] [ ] [9] [10] 
[ ] [ ] [ ] [ ] [ ] [ ] [ ] [ ] [9] 
[ ] [ ] [ ] [ ] [ ] [ ] [ ] [ ] [ ] [10] 
[ ] [ ] [ ] [ ] [ ] [ ] [ ] [ ] [9] [10] 
[ ] [ ] [ ] [ ] [ ] [ ] [ ] [8] [9] [10] 
[ ] [ ] [ ] [ ] [ ] [6] [7] [8] [9] [10] 
[1] [2] [3] [4] [5] [6] [7] [8] [9] [10] 

[10] [9] [8] [7] [6] [5] [4] [3] [2] [1] 
[10] [9] [8] [7] [6] 
[10] [9] 
[10] 
[ ] [9] 
[9] [10] 
[ ] [ ] [8] [7] [6] 
[ ] [ ] [8] 
[ ] [ ] [ ] [7] [6] 
[ ] [ ] [ ] [7] 
[ ] [ ] [ ] [ ] [6] 
[ ] [ ] [ ] [6] [7] 
[ ] [ ] [6] [7] [8] 
[6] [7] [8] [9] [10] 
[ ] [ ] [ ] [ ] [ ] [5] [4] [3] [2] [1] 
[ ] [ ] [ ] [ ] [ ] [5] [4] 
[ ] [ ] [ ] [ ] [ ] [5] 
[ ] [ ] [ ] [ ] [ ] [ ] [4] 
[ ] [ ] [ ] [ ] [ ] [4] [5] 
[ ] [ ] [ ] [ ] [ ] [ ] [ ] [3] [2] [1] 
[ ] [ ] [ ] [ ] [ ] [ ] [ ] [3] 
[ ] [ ] [ ] [ ] [ ] [ ] [ ] [ ] [2] [1] 
[ ] [ ] [ ] [ ] [ ] [ ] [ ] [ ] [2] 
[ ] [ ] [ ] [ ] [ ] [ ] [ ] [ ] [ ] [1] 
[ ] [ ] [ ] [ ] [ ] [ ] [ ] [ ] [1] [2] 
[ ] [ ] [ ] [ ] [ ] [ ] [ ] [1] [2] [3] 
[ ] [ ] [ ] [ ] [ ] [1] [2] [3] [4] [5] 
[1] [2] [3] [4] [5] [6] [7] [8] [9] [10] 

[6] [10] [4] [2] [8] [1] [3] [5] [9] [7] 
[6] [10] [4] [2] [8] 
[6] [10] 
[6] 
[ ] [10] 
[6] [10] 
[ ] [ ] [4] [2] [8] 
[ ] [ ] [4] 
[ ] [ ] [ ] [2] [8] 
[ ] [ ] [ ] [2] 
[ ] [ ] [ ] [ ] [8] 
[ ] [ ] [ ] [2] [8] 
[ ] [ ] [2] [4] [8] 
[2] [4] [6] [8] [10] 
[ ] [ ] [ ] [ ] [ ] [1] [3] [5] [9] [7] 
[ ] [ ] [ ] [ ] [ ] [1] [3] 
[ ] [ ] [ ] [ ] [ ] [1] 
[ ] [ ] [ ] [ ] [ ] [ ] [3] 
[ ] [ ] [ ] [ ] [ ] [1] [3] 
[ ] [ ] [ ] [ ] [ ] [ ] [ ] [5] [9] [7] 
[ ] [ ] [ ] [ ] [ ] [ ] [ ] [5] 
[ ] [ ] [ ] [ ] [ ] [ ] [ ] [ ] [9] [7] 
[ ] [ ] [ ] [ ] [ ] [ ] [ ] [ ] [9] 
[ ] [ ] [ ] [ ] [ ] [ ] [ ] [ ] [ ] [7] 
[ ] [ ] [ ] [ ] [ ] [ ] [ ] [ ] [7] [9] 
[ ] [ ] [ ] [ ] [ ] [ ] [ ] [5] [7] [9] 
[ ] [ ] [ ] [ ] [ ] [1] [3] [5] [7] [9] 
[1] [2] [3] [4] [5] [6] [7] [8] [9] [10] 
