3
2
2
3
3
3
4
3
4
6
6
5
7
9
8
9
7
7
8
9
8
11
11
9
11
10
10
12
11
11
12
11
12
14
14
14
18
15
20
16
16
16
16
16
18
17
18
18
18
19
18
25
31
29
22
21
22
21
22
24
27
29
23
24
24
24
26
26
25
28
26
27
26
32
27
36
32
38
31
29
30
29
31
30
33
32
43
44
35
38
33
35
37
35
35
34
34
35
37
36
37
38
39
39
55
38
40
66
42
41
44
42
60
55
44
66
42
44
44
45
65
47
58
47
49
66
50
48
65
50
50
51
48
52
87
51
53
54
53
53
69
73
55
74
53
79
58
56
75
59
56
78
74
60
81
78
58
62
61
82
63
63
64
78
86
64
85
67
83
63
89
88
69
96
68
95
66
69
94
93
70
97
71
68
70
108
71
72
71
75
72
97
75
98
73
102
100
101
77
79
77
104
76
97
112
101
79
78
99
81
112
80
80
85
103
83
104
116
110
87
113
110
121
116
93
118
120
86
88
111
83
124
92
131
89
88
122
131
119
92
92
92
97
129
95
195
97
95
96
95
97
97
96
129
102
100
99
129
98
129
128
103
140
101
107
139
104
102
104
123
124
100
103
134
142
102
104
231
148
110
148
105
145
109
145
109
113
145
110
114
162
147
112
115
136
147
110
159
116
