51
96
161
243
446
568
807
965
937
1441
1797
1622
1776
2737
2806
3118
3001
3539
3567
4789
4320
4686
5133
5624
6174
6529
6933
7375
7715
8396
8768
9538
10195
10629
11696
12210
15990
15784
17212
15658
15638
16378
17153
17428
18914
19274
20599
20927
22310
23369
23758
25704
28171
30776
28301
28852
30097
30049
31783
33540
38203
42819
36702
41423
39369
38986
40100
43752
42874
45213
45274
46764
48321
50108
69468
55443
60351
55984
59021
58699
58935
63650
61903
63675
70647
69874
67688
72124
70852
72307
73429
75189
77857
88125
81329
82191
82789
89795
89594
91131
116940
94785
93669
95279
104891
101581
105244
164767
126633
108733
121360
205308
235288
199422
182878
159871
121966
124567
133431
139085
157984
133144
144021
149297
139171
151810
145313
161784
153406
203776
161738
165754
156206
166790
164396
161546
167511
174466
176138
178326
188752
206468
188489
190456
194403
200855
190878
201188
239932
196962
200182
228704
211657
221978
267317
221813
214783
232421
225346
225544
261622
230876
246953
258344
249110
254847
270591
268716
276084
264999
262861
284761
269573
282752
274004
280430
293859
294544
306858
296845
291980
321424
311621
322130
320647
328660
316106
325958
317948
325244
321143
345490
337113
359214
339153
361633
374018
378765
356407
359221
372875
384985
380371
404357
617362
381857
392721
455665
417451
409364
403768
416544
401113
420193
411685
465505
536913
638871
715657
424588
594712
562338
539919
800097
607885
753045
639941
487688
505694
542888
553090
579292
491361
519487
548287
512031
503930
583668
542690
540926
554664
516775
539889
564490
569676
595728
557748
570665
570187
596052
561098
596584
613670
583070
604627
616262
594998
622714
615990
602390
619109
630898
627067
651029
647608
643215
646682
658193
646631
703866
666985
684007
666047
667444
693815
738818
701009
704083
721859
768551
739680
745577
748045
739262
755242
762822
731570
767392
762779
755665
765188
824661
807787
806895
795007
782501
820486
803935
818866
