22
25
44
42
51
87
99
109
130
132
106
119
127
198
158
154
164
257
185
193
286
213
231
233
241
252
254
261
272
281
290
299
310
322
331
353
535
407
547
393
402
413
422
418
430
439
463
473
468
478
489
517
528
536
549
617
565
580
566
577
610
872
631
638
626
640
651
684
693
708
712
790
709
740
758
770
791
787
909
778
818
804
813
836
865
872
882
897
923
929
895
907
912
988
969
947
1018
965
1008
987
1358
1039
1014
1064
1041
1049
1064
1688
1253
1128
1275
3225
3939
2537
1392
1787
1157
1224
1178
1262
1917
1261
1276
1275
1291
2561
1264
1339
1286
1295
1336
1471
1328
1342
1431
1409
1377
1390
1721
1426
1419
1479
1584
1504
1550
1996
1709
1549
1746
1567
1594
1588
1629
1601
1670
1624
1588
1675
1607
1686
2089
1699
1874
2630
1672
1760
1957
1817
1777
1830
1797
1763
1872
1826
2078
1874
1799
1808
1886
2243
1906
4288
1862
2127
1885
1998
2022
2938
1995
2973
2015
2871
2481
2050
2121
2075
2632
3204
2143
2618
2152
5011
2191
2267
2328
2338
2116
2243
2550
2294
3018
2260
2187
2279
2293
2296
3219
2349
3647
2447
3591
3553
2507
3987
3750
3732
3790
2437
2756
3814
2370
3766
2472
2483
3122
3405
2782
3778
5766
3840
2580
2686
2593
2637
2733
3641
3994
2649
2689
2763
2718
2761
4155
3670
3559
2738
2774
2761
2683
2784
2821
2709
2855
2826
2896
2852
4305
2901
3008
3914
3937
2828
2843
3028
2961
2868
4969
3076
4442
3357
3040
3056
3195
3066
3083
3180
3691
3833
3711
3784
3218
3165
4406
3890
3308
4556
3226
4722
3135
