25
37
34
61
68
93
109
118
134
122
153
144
186
224
207
214
233
273
281
280
279
306
247
245
259
358
392
396
408
417
424
440
449
528
464
544
591
536
550
479
519
519
541
555
566
619
575
592
537
607
631
589
554
612
796
684
804
604
599
613
901
766
763
757
1244
776
797
944
824
816
817
824
842
846
811
796
1117
899
1086
911
1069
931
938
953
1095
1256
1044
1063
1200
938
934
943
953
975
985
990
1097
1224
1117
1117
1109
1156
1132
1187
1495
1176
1241
1625
1645
1232
1161
1733
2140
1733
2615
2212
1197
1208
1296
1264
1737
1282
1372
1395
1415
2111
1415
1971
1668
1584
1482
2084
1469
1467
1519
1494
1511
1589
1612
1542
1559
1595
1611
1709
1643
2326
1898
1592
2362
1701
1679
1756
1632
1628
1890
1872
1742
1853
1746
1776
2560
1841
2158
1809
2339
1884
2636
2683
2053
1906
2411
1920
2720
1960
1905
2012
1956
1939
2234
2260
2031
2940
1920
2095
2031
2924
2220
2025
2026
2737
2160
2445
2300
2317
2863
3092
2973
3071
2238
2136
2169
4223
2258
3295
2828
2327
2317
2287
2323
2662
3609
2368
2334
2330
2346
2427
3553
3510
3504
2456
3604
4198
3242
5722
2956
3819
3679
2487
3585
3732
2516
3718
2487
2965
2790
2616
3734
3342
3023
2857
3115
2978
3168
3145
2861
2865
2879
3191
2953
4047
2874
2928
4006
2841
4189
3253
2757
2890
2777
3337
3928
3404
4000
3044
2874
3082
3089
3072
4501
3934
3136
3009
3262
4201
2957
3094
2997
4639
3568
3844
3128
3281
3409
3101
3594
3114
3415
3754
3454
4641
3938
3644
3331
3671
3405
4828
3673
3440
3331
