30
35
60
79
214
122
143
154
193
168
215
180
254
248
267
218
306
336
364
352
376
392
326
340
351
443
506
487
508
522
534
549
564
591
583
518
632
618
744
653
665
801
695
713
731
768
756
771
798
798
814
946
804
1032
830
896
828
824
840
852
1055
1009
992
1014
962
1087
1046
1075
1102
1325
1085
1095
1107
1125
1091
1109
1216
1717
1623
1228
1274
1244
1259
1268
1676
1276
1601
1413
1838
1290
1454
1325
1370
1417
1403
1390
1482
1497
1549
1516
1537
1595
1565
1629
2085
1616
1651
2239
2284
1679
1733
1890
5735
2167
2700
3280
1697
1718
1853
2575
2457
1831
2046
1942
2005
2663
2375
2004
2332
2459
2072
2660
2093
2163
2181
2065
2081
2468
2211
2134
2131
2210
2248
3715
2375
2792
2582
2515
2846
2778
2266
2340
2430
2544
3151
2511
2477
2634
2417
2563
2976
2609
2589
3286
2723
2618
3557
2706
3086
2600
2648
3096
2624
3062
2678
3187
2708
2891
2735
3866
2860
3632
3184
2903
2828
2906
3183
4057
2910
3488
3025
3658
3159
3167
4203
3195
3340
3427
3270
3315
3187
5210
3265
3961
4597
3172
3186
3220
3304
3389
3622
3745
3288
3403
3449
3825
4085
4717
4804
3538
4728
5434
4841
4781
4802
4992
4931
3464
4093
5517
3467
5285
4110
3865
3760
5431
3830
3934
4632
3894
5408
4206
3780
3853
5530
3888
4147
3959
4107
4752
3916
5512
4694
4100
4378
5527
3925
4012
4072
4389
5373
5837
5546
5940
4590
6535
4558
5388
4386
6122
5735
4123
4221
4401
4195
4284
4901
7287
4971
4948
5626
4525
4925
4725
6500
4452
4606
4686
4602
6515
6628
6479
4972
6451
6692
6307
4632
6138
4680
