25
56
91
130
240
269
420
496
488
736
919
1036
1368
1100
1230
1254
1588
1674
1947
2032
2059
2264
2492
2774
3067
3152
3479
3709
3983
4108
4378
4564
4810
5204
6385
6028
8892
9001
7226
9055
7584
8247
8456
8566
8912
9586
10103
10346
10416
11042
12263
12443
12496
12895
13366
14129
14559
15307
15930
16994
19921
17861
17554
18421
18839
19076
20235
20869
21525
20954
22185
22785
24487
24546
31277
26888
29294
27391
26830
28828
27564
29252
32391
31542
37446
32430
32765
34404
34081
35269
36488
37500
40270
41675
38615
39514
39979
45067
40658
42039
51894
43521
43733
45495
45658
53948
56448
49959
53065
51851
110320
165251
72523
92065
113253
60354
61226
62692
70776
60545
63118
62916
74037
67447
94984
68492
67112
66777
71587
72074
75133
71940
74673
77011
79813
76503
80162
85057
81315
82090
97251
87975
90294
89828
98329
92262
92917
102248
95306
97048
98411
101676
104468
104644
111170
106318
107162
113776
106644
109281
113414
110300
128258
113755
113238
127955
126433
123154
122808
117973
123682
121131
121156
136552
128614
126280
134706
137478
161040
129517
132731
130137
133905
151756
140044
143767
147530
173844
147465
155494
145488
156712
155242
156136
149502
160434
159622
167318
161861
206512
243252
176205
179351
171788
237017
187735
184179
183261
183794
209686
200581
187218
217828
190569
198021
265892
242030
310544
208047
254801
241119
282959
337930
379931
339653
413917
223075
285208
257196
234525
270279
256054
249836
265545
246648
261235
254866
244611
255482
256258
268573
251765
244333
257225
269328
270674
285622
259676
258477
260078
281544
274306
281230
261829
263912
264342
335005
274399
283785
283728
283776
276102
271077
272552
275203
277787
289814
289340
286981
291196
305729
312369
297107
293867
305282
294834
298959
291663
316151
318219
304338
309270
334408
317034
319735
312651
336999
342916
335291
331653
335422
343472
349563
316802
317914
338948
347804
451546
348913
